  0   0   0   0   0 255   0 255   0   0 255   0   0   0   0   0
  0 255 255 255 255 255 255 255   0 255 255 255 255 255 255   0
  0 255   0   0 255 255   0   0 255   0 255 255   0   0 255   0
  0 255   0   0 255 255   0 255   0 255 255 255   0   0 255   0
  0 255 255 255 255 255 255   0   0   0 255 255 255 255 255   0
255 255 255 255 255 255 255 255   0   0 255 255 255 255 255 255
  0   0   0 255 255 255   0   0   0   0   0 255   0   0 255   0
255 255 255 255   0   0 255 255   0   0 255 255   0   0 255   0
  0   0 255 255 255 255 255   0   0 255   0   0 255   0   0 255
255 255 255   0   0   0   0 255 255   0   0 255   0 255 255 255
255 255 255 255 255 255   0 255   0 255 255   0 255 255   0   0
  0 255 255 255 255 255 255 255 255 255 255   0   0   0   0   0
  0 255   0   0 255 255 255   0 255   0   0 255 255   0 255 255
  0 255   0   0 255 255   0   0 255 255   0   0   0 255   0 255
  0 255 255 255 255 255   0   0   0   0 255   0 255 255 255   0
  0   0   0   0   0 255   0   0 255 255 255 255   0 255 255 255
  0   0   0   0   0 255   0 255   0   0 255   0   0   0   0   0
  0 255 255 255 255 255 255 255   0 255 255 255 255 255 255   0
  0 255   0   0 255 255   0   0 255   0 255 255   0   0 255   0
  0 255   0   0 255 255   0 255   0 255 255 255   0   0 255   0
  0 255 255 255 255 255 255   0   0   0 255 255 255 255 255   0
255 255 255 255 255 255 255 255   0   0 255 255 255 255 255 255
  0   0   0 255 255 255   0   0   0   0   0 255   0   0 255   0
255 255 255 255   0   0 255 255   0   0 255 255   0   0 255   0
  0   0 255 255 255 255 255   0   0 255   0   0 255   0   0 255
255 255 255   0   0   0   0 255 255   0   0 255   0 255 255 255
255 255 255 255 255 255   0 255   0 255 255   0 255 255   0   0
  0 255 255 255 255 255 255 255 255 255 255   0   0   0   0   0
  0 255   0   0 255 255 255   0 255   0   0 255 255   0 255 255
  0 255   0   0 255 255   0   0 255 255   0   0   0 255   0 255
  0 255 255 255 255 255   0   0   0   0 255   0 255 255 255   0
  0   0   0   0   0 255   0   0 255 255 255 255   0 255 255 255
  0   0   0   0   0 255   0 255   0   0 255   0   0   0   0   0
  0 255 255 255 255 255 255 255   0 255 255 255 255 255 255   0
  0 255   0   0 255 255   0   0 255   0 255 255   0   0 255   0
  0 255   0   0 255 255   0 255   0 255 255 255   0   0 255   0
  0 255 255 255 255 255 255   0   0   0 255 255 255 255 255   0
255 255 255 255 255 255 255 255   0   0 255 255 255 255 255 255
  0   0   0 255 255 255   0   0   0   0   0 255   0   0 255   0
255 255 255 255   0   0 255 255   0   0 255 255   0   0 255   0
  0   0 255 255 255 255 255   0   0 255   0   0 255   0   0 255
255 255 255   0   0   0   0 255 255   0   0 255   0 255 255 255
255 255 255 255 255 255   0 255   0 255 255   0 255 255   0   0
  0 255 255 255 255 255 255 255 255 255 255   0   0   0   0   0
  0 255   0   0 255 255 255   0 255   0   0 255 255   0 255 255
  0 255   0   0 255 255   0   0 255 255   0   0   0 255   0 255
  0 255 255 255 255 255   0   0   0   0 255   0 255 255 255   0
  0   0   0   0   0 255   0   0 255 255 255 255   0 255 255 255

  0   0   0   0   0 255   0   0 255 255   0   0 255 255   0 255
  0 255 255 255 255 255 255 255   0 255   0   0 255   0 255 255
  0 255   0   0 255 255   0   0   0 255 255   0   0 255 255 255
  0 255   0   0 255 255   0   0 255   0 255   0 255   0 255   0
  0 255 255 255 255 255 255 255   0 255   0   0 255   0   0 255
255 255 255 255 255 255   0 255   0   0 255 255   0   0 255 255
  0 255   0 255   0   0   0   0 255   0 255 255   0 255   0 255
  0   0 255   0   0   0   0   0   0 255   0 255 255 255   0 255
255 255   0 255   0 255   0 255   0 255 255 255   0   0   0   0
  0 255   0   0 255 255   0 255 255   0   0 255 255   0   0   0
255 255 255 255 255 255 255   0 255   0 255 255 255 255 255 255
  0 255 255 255 255 255 255   0 255   0 255 255 255 255 255   0
  0 255   0   0 255 255 255 255 255   0 255 255   0   0 255   0
  0 255   0   0 255 255   0 255 255 255 255 255   0   0 255   0
  0 255 255 255 255 255   0 255   0 255 255 255 255 255 255   0
  0   0   0   0   0 255   0 255   0 255 255   0   0   0   0   0
  0   0   0   0   0 255   0   0 255 255   0   0 255 255   0 255
  0 255 255 255 255 255 255 255   0 255   0   0 255   0 255 255
  0 255   0   0 255 255   0   0   0 255 255   0   0 255 255 255
  0 255   0   0 255 255   0   0 255   0 255   0 255   0 255   0
  0 255 255 255 255 255 255 255   0 255   0   0 255   0   0 255
255 255 255 255 255 255   0 255   0   0 255 255   0   0 255 255
  0 255   0 255   0   0   0   0 255   0 255 255   0 255   0 255
  0   0 255   0   0   0   0   0   0 255   0 255 255 255   0 255
255 255   0 255   0 255   0 255   0 255 255 255   0   0   0   0
  0 255   0   0 255 255   0 255 255   0   0 255 255   0   0   0
255 255 255 255 255 255 255   0 255   0 255 255 255 255 255 255
  0 255 255 255 255 255 255   0 255   0 255 255 255 255 255   0
  0 255   0   0 255 255 255 255 255   0 255 255   0   0 255   0
  0 255   0   0 255 255   0 255 255 255 255 255   0   0 255   0
  0 255 255 255 255 255   0 255   0 255 255 255 255 255 255   0
  0   0   0   0   0 255   0 255   0 255 255   0   0   0   0   0
  0   0   0   0   0 255   0   0 255 255   0   0 255 255   0 255
  0 255 255 255 255 255 255 255   0 255   0   0 255   0 255 255
  0 255   0   0 255 255   0   0   0 255 255   0   0 255 255 255
  0 255   0   0 255 255   0   0 255   0 255   0 255   0 255   0
  0 255 255 255 255 255 255 255   0 255   0   0 255   0   0 255
255 255 255 255 255 255   0 255   0   0 255 255   0   0 255 255
  0 255   0 255   0   0   0   0 255   0 255 255   0 255   0 255
  0   0 255   0   0   0   0   0   0 255   0 255 255 255   0 255
255 255   0 255   0 255   0 255   0 255 255 255   0   0   0   0
  0 255   0   0 255 255   0 255 255   0   0 255 255   0   0   0
255 255 255 255 255 255 255   0 255   0 255 255 255 255 255 255
  0 255 255 255 255 255 255   0 255   0 255 255 255 255 255   0
  0 255   0   0 255 255 255 255 255   0 255 255   0   0 255   0
  0 255   0   0 255 255   0 255 255 255 255 255   0   0 255   0
  0 255 255 255 255 255   0 255   0 255 255 255 255 255 255   0
  0   0   0   0   0 255   0 255   0 255 255   0   0   0   0   0

214 254 226 102 150 127 214 144  19  69 104  46  52  51  54  12
145 230 189 203 110 156  99 124  58  69 104 185 157 135 198  54
221  99 119 113 148 170 149 203  57  85 107 185  47   0 135  51
198  98  38 166 198 150 104 151  53 196 128 185  85  47 157  52
 69  69  65  12  72 215 183 110 156 251 133 138 185 185 185  46
150 157 203 104  54 113  86  32 156 180 157 107 106 119 120 130
174 156 184 132 107  68 110 150 181 105 117 125 137 198 173 197
129  82 144 200 121 129 150  89 133 131 136 136 208 161  76  22
 34 144 108 126 227 182 112   7 136 125  88  52 199 152 136 136
107 189  86 103 251 174  33  26 103 144 154 178 231 141 125 125
109 118 104 108 133 157  89 105 171 172 165 126 128 107 104 104
 46 185 185 185 138 107  84  40  58 180 126 138 185 185 185  46
 52 157  47  85 185 123 167 107 180 132 108 185  85  47 157  52
 51 135   0  47 185 115 156 183 114  76 104 185  47   0 135  51
 54 198 135 157 185 128 193  74 128 167 118 185 157 135 198  54
 12  54  51  52  46 109  97   6 139 149 109  46  52  51  54  12
214 254 226 102 150 127 214 144  19  69 104  46  52  51  54  12
145 230 189 203 110 156  99 124  58  69 104 185 157 135 198  54
221  99 119 113 148 170 149 203  57  85 107 185  47   0 135  51
198  98  38 166 198 150 104 151  53 196 128 185  85  47 157  52
 69  69  65  12  72 215 183 110 156 251 133 138 185 185 185  46
150 157 203 104  54 113  86  32 156 180 157 107 106 119 120 130
174 156 184 132 107  68 110 150 181 105 117 125 137 198 173 197
129  82 144 200 121 129 150  89 133 131 136 136 208 161  76  22
 34 144 108 126 227 182 112   7 136 125  88  52 199 152 136 136
107 189  86 103 251 174  33  26 103 144 154 178 231 141 125 125
109 118 104 108 133 157  89 105 171 172 165 126 128 107 104 104
 46 185 185 185 138 107  84  40  58 180 126 138 185 185 185  46
 52 157  47  85 185 123 167 107 180 132 108 185  85  47 157  52
 51 135   0  47 185 115 156 183 114  76 104 185  47   0 135  51
 54 198 135 157 185 128 193  74 128 167 118 185 157 135 198  54
 12  54  51  52  46 109  97   6 139 149 109  46  52  51  54  12
214 254 226 102 150 127 214 144  19  69 104  46  52  51  54  12
145 230 189 203 110 156  99 124  58  69 104 185 157 135 198  54
221  99 119 113 148 170 149 203  57  85 107 185  47   0 135  51
198  98  38 166 198 150 104 151  53 196 128 185  85  47 157  52
 69  69  65  12  72 215 183 110 156 251 133 138 185 185 185  46
150 157 203 104  54 113  86  32 156 180 157 107 106 119 120 130
174 156 184 132 107  68 110 150 181 105 117 125 137 198 173 197
129  82 144 200 121 129 150  89 133 131 136 136 208 161  76  22
 34 144 108 126 227 182 112   7 136 125  88  52 199 152 136 136
107 189  86 103 251 174  33  26 103 144 154 178 231 141 125 125
109 118 104 108 133 157  89 105 171 172 165 126 128 107 104 104
 46 185 185 185 138 107  84  40  58 180 126 138 185 185 185  46
 52 157  47  85 185 123 167 107 180 132 108 185  85  47 157  52
 51 135   0  47 185 115 156 183 114  76 104 185  47   0 135  51
 54 198 135 157 185 128 193  74 128 167 118 185 157 135 198  54
 12  54  51  52  46 109  97   6 139 149 109  46  52  51  54  12

 12  54  52  52  46 130 198  23 136 125 104  46  52  52  54  12
 54 199 135 157 186 120 173  77 136 125 104 186 157 135 199  54
 52 135   0  47 186 119 198 161 152 142 108 186  47   0 135  52
 52 157  47  85 186 107 138 208 200 232 128 186  85  47 157  52
 46 186 186 186 139 108 125 136  52 179 127 139 186 186 186  46
104 104 108 128 133 157 118 136  88 155 166 127 109 104 118 109
 69  69  86 196 251 181 106 132 125 145 172 180 133  76 168 150
 19  58  58  53 156 157 182 133 136 104 171  59 181 114 129 140
144 124 203 152 111  33 150  90   8  26 105  40 107 184  75   6
215 100 150 105 184  87 111 150 112  34  89  85 167 157 194  98
127 157 170 151 216 114  68 130 182 175 157 108 123 116 129 110
150 110 148 199  73  55 107 122 227 251 133 139 186 186 186  46
103 203 114 167  13 104 133 201 126 104 109 186  85  47 157  52
227 189 120  38  65 203 185 144 109  86 104 186  47   0 135  52
255 230 100  98  70 158 157  82 144 189 118 186 157 135 199  54
215 145 222 199  69 150 174 129  35 108 109  46  52  52  54  12
 12  54  52  52  46 130 198  23 136 125 104  46  52  52  54  12
 54 199 135 157 186 120 173  77 136 125 104 186 157 135 199  54
 52 135   0  47 186 119 198 161 152 142 108 186  47   0 135  52
 52 157  47  85 186 107 138 208 200 232 128 186  85  47 157  52
 46 186 186 186 139 108 125 136  52 179 127 139 186 186 186  46
104 104 108 128 133 157 118 136  88 155 166 127 109 104 118 109
 69  69  86 196 251 181 106 132 125 145 172 180 133  76 168 150
 19  58  58  53 156 157 182 133 136 104 171  59 181 114 129 140
144 124 203 152 111  33 150  90   8  26 105  40 107 184  75   6
215 100 150 105 184  87 111 150 112  34  89  85 167 157 194  98
127 157 170 151 216 114  68 130 182 175 157 108 123 116 129 110
150 110 148 199  73  55 107 122 227 251 133 139 186 186 186  46
103 203 114 167  13 104 133 201 126 104 109 186  85  47 157  52
227 189 120  38  65 203 185 144 109  86 104 186  47   0 135  52
255 230 100  98  70 158 157  82 144 189 118 186 157 135 199  54
215 145 222 199  69 150 174 129  35 108 109  46  52  52  54  12
 12  54  52  52  46 130 198  23 136 125 104  46  52  52  54  12
 54 199 135 157 186 120 173  77 136 125 104 186 157 135 199  54
 52 135   0  47 186 119 198 161 152 142 108 186  47   0 135  52
 52 157  47  85 186 107 138 208 200 232 128 186  85  47 157  52
 46 186 186 186 139 108 125 136  52 179 127 139 186 186 186  46
104 104 108 128 133 157 118 136  88 155 166 127 109 104 118 109
 69  69  86 196 251 181 106 132 125 145 172 180 133  76 168 150
 19  58  58  53 156 157 182 133 136 104 171  59 181 114 129 140
144 124 203 152 111  33 150  90   8  26 105  40 107 184  75   6
215 100 150 105 184  87 111 150 112  34  89  85 167 157 194  98
127 157 170 151 216 114  68 130 182 175 157 108 123 116 129 110
150 110 148 199  73  55 107 122 227 251 133 139 186 186 186  46
103 203 114 167  13 104 133 201 126 104 109 186  85  47 157  52
227 189 120  38  65 203 185 144 109  86 104 186  47   0 135  52
255 230 100  98  70 158 157  82 144 189 118 186 157 135 199  54
215 145 222 199  69 150 174 129  35 108 109  46  52  52  54  12
