  0   0   0   0   0 255   0   0   0   0 255   0   0   0   0   0
  0 255 255 255 255 255   0 255 255   0 255 255 255 255 255   0
  0 255   0   0 255 255   0   0   0 255 255 255   0   0 255   0
  0 255   0   0 255 255 255 255 255   0 255 255   0   0 255   0
  0 255 255 255 255 255   0   0   0 255 255 255 255 255 255   0
255 255 255 255 255 255 255   0   0   0 255 255 255 255 255 255
  0   0 255   0   0 255 255   0   0 255 255   0 255   0   0   0
  0   0 255   0   0 255   0   0   0   0   0   0   0   0   0 255
  0 255   0 255   0   0   0   0 255 255 255 255 255 255 255 255
  0   0   0 255 255 255 255 255 255   0 255   0   0 255   0   0
255 255 255 255 255 255   0   0 255   0   0   0 255   0 255   0
  0 255 255 255 255 255   0   0   0   0 255   0 255 255   0   0
  0 255   0   0 255 255   0   0   0 255 255 255 255 255   0 255
  0 255   0   0 255 255 255   0 255   0   0   0 255 255   0   0
  0 255 255 255 255 255   0   0 255 255 255 255   0 255 255 255
  0   0   0   0   0 255   0   0   0   0 255 255 255 255 255   0
  0   0   0   0   0 255   0   0   0   0 255   0   0   0   0   0
  0 255 255 255 255 255   0 255 255   0 255 255 255 255 255   0
  0 255   0   0 255 255   0   0   0 255 255 255   0   0 255   0
  0 255   0   0 255 255 255 255 255   0 255 255   0   0 255   0
  0 255 255 255 255 255   0   0   0 255 255 255 255 255 255   0
255 255 255 255 255 255 255   0   0   0 255 255 255 255 255 255
  0   0 255   0   0 255 255   0   0 255 255   0 255   0   0   0
  0   0 255   0   0 255   0   0   0   0   0   0   0   0   0 255
  0 255   0 255   0   0   0   0 255 255 255 255 255 255 255 255
  0   0   0 255 255 255 255 255 255   0 255   0   0 255   0   0
255 255 255 255 255 255   0   0 255   0   0   0 255   0 255   0
  0 255 255 255 255 255   0   0   0   0 255   0 255 255   0   0
  0 255   0   0 255 255   0   0   0 255 255 255 255 255   0 255
  0 255   0   0 255 255 255   0 255   0   0   0 255 255   0   0
  0 255 255 255 255 255   0   0 255 255 255 255   0 255 255 255
  0   0   0   0   0 255   0   0   0   0 255 255 255 255 255   0
  0   0   0   0   0 255   0   0   0   0 255   0   0   0   0   0
  0 255 255 255 255 255   0 255 255   0 255 255 255 255 255   0
  0 255   0   0 255 255   0   0   0 255 255 255   0   0 255   0
  0 255   0   0 255 255 255 255 255   0 255 255   0   0 255   0
  0 255 255 255 255 255   0   0   0 255 255 255 255 255 255   0
255 255 255 255 255 255 255   0   0   0 255 255 255 255 255 255
  0   0 255   0   0 255 255   0   0 255 255   0 255   0   0   0
  0   0 255   0   0 255   0   0   0   0   0   0   0   0   0 255
  0 255   0 255   0   0   0   0 255 255 255 255 255 255 255 255
  0   0   0 255 255 255 255 255 255   0 255   0   0 255   0   0
255 255 255 255 255 255   0   0 255   0   0   0 255   0 255   0
  0 255 255 255 255 255   0   0   0   0 255   0 255 255   0   0
  0 255   0   0 255 255   0   0   0 255 255 255 255 255   0 255
  0 255   0   0 255 255 255   0 255   0   0   0 255 255   0   0
  0 255 255 255 255 255   0   0 255 255 255 255   0 255 255 255
  0   0   0   0   0 255   0   0   0   0 255 255 255 255 255   0

  0   0   0   0   0 255   0 255 255   0   0   0 255   0 255   0
  0 255 255 255 255 255   0   0 255   0 255   0   0   0 255 255
  0 255   0   0 255 255   0   0 255 255   0 255 255 255 255 255
  0 255   0   0 255 255 255   0 255   0 255 255 255 255   0 255
  0 255 255 255 255 255   0   0 255   0   0   0 255   0 255 255
255 255 255 255 255 255 255   0 255 255   0 255 255   0 255 255
  0   0 255   0 255   0 255   0 255   0   0   0 255   0 255   0
  0 255   0 255   0   0   0   0 255 255 255   0   0 255 255   0
  0 255   0 255   0   0   0   0   0 255   0   0   0   0   0   0
  0   0   0 255   0 255 255   0   0 255   0   0   0 255   0   0
255 255 255 255 255 255 255 255   0 255 255 255 255 255 255 255
  0 255 255 255 255 255   0   0   0 255 255 255 255 255 255   0
  0 255   0   0 255 255   0   0 255 255 255 255   0   0 255   0
  0 255   0   0 255 255 255 255   0   0 255 255   0   0 255   0
  0 255 255 255 255 255   0   0 255   0 255 255 255 255 255   0
  0   0   0   0   0 255   0   0   0   0 255   0   0   0   0   0
  0   0   0   0   0 255   0 255 255   0   0   0 255   0 255   0
  0 255 255 255 255 255   0   0 255   0 255   0   0   0 255 255
  0 255   0   0 255 255   0   0 255 255   0 255 255 255 255 255
  0 255   0   0 255 255 255   0 255   0 255 255 255 255   0 255
  0 255 255 255 255 255   0   0 255   0   0   0 255   0 255 255
255 255 255 255 255 255 255   0 255 255   0 255 255   0 255 255
  0   0 255   0 255   0 255   0 255   0   0   0 255   0 255   0
  0 255   0 255   0   0   0   0 255 255 255   0   0 255 255   0
  0 255   0 255   0   0   0   0   0 255   0   0   0   0   0   0
  0   0   0 255   0 255 255   0   0 255   0   0   0 255   0   0
255 255 255 255 255 255 255 255   0 255 255 255 255 255 255 255
  0 255 255 255 255 255   0   0   0 255 255 255 255 255 255   0
  0 255   0   0 255 255   0   0 255 255 255 255   0   0 255   0
  0 255   0   0 255 255 255 255   0   0 255 255   0   0 255   0
  0 255 255 255 255 255   0   0 255   0 255 255 255 255 255   0
  0   0   0   0   0 255   0   0   0   0 255   0   0   0   0   0
  0   0   0   0   0 255   0 255 255   0   0   0 255   0 255   0
  0 255 255 255 255 255   0   0 255   0 255   0   0   0 255 255
  0 255   0   0 255 255   0   0 255 255   0 255 255 255 255 255
  0 255   0   0 255 255 255   0 255   0 255 255 255 255   0 255
  0 255 255 255 255 255   0   0 255   0   0   0 255   0 255 255
255 255 255 255 255 255 255   0 255 255   0 255 255   0 255 255
  0   0 255   0 255   0 255   0 255   0   0   0 255   0 255   0
  0 255   0 255   0   0   0   0 255 255 255   0   0 255 255   0
  0 255   0 255   0   0   0   0   0 255   0   0   0   0   0   0
  0   0   0 255   0 255 255   0   0 255   0   0   0 255   0   0
255 255 255 255 255 255 255 255   0 255 255 255 255 255 255 255
  0 255 255 255 255 255   0   0   0 255 255 255 255 255 255   0
  0 255   0   0 255 255   0   0 255 255 255 255   0   0 255   0
  0 255   0   0 255 255 255 255   0   0 255 255   0   0 255   0
  0 255 255 255 255 255   0   0 255   0 255 255 255 255 255   0
  0   0   0   0   0 255   0   0   0   0 255   0   0   0   0   0

 96 173 186 213 255 234 109  34   2  71 104  46  52  51  54  12
234 204 193  82 236 236 218 139  48 130 116 185 157 135 198  54
104 129 221 172 110 110 117 127  59 182 127 185  47   0 135  51
147 120 255 241 196 224 160  97  71  82 106 185  85  47 157  52
 59 118 202 162 123 222  84  43   8 104 114 138 185 185 185  46
121 158 105 100 131 134  96 186  75 150 170 126 128 115 114 104
 73 180 198 118  94 171 133 216 156 148 155 178 226 149 172  84
212 153 209 147 172 252 222 147 117  91  86 119 143 122 193  50
184  61  99  24  35 117  91 106 158 123 142 109  42 192 132  22
113  91 102 161 108 192 119  81  86 170 185  89  87 230 156  72
104 104 107 123 115 170 109  78  86 162 168 108 106 127 116 104
 46 185 185 185 138 126 175 119 105  88 108 138 185 185 185  46
 52 157  47  85 185 111 145 191 200 202 123 185  85  47 157  52
 51 135   0  47 185 127 205 119 104 110 107 185  47   0 135  51
 54 198 135 157 185 116 181 175 165 120 104 185 157 135 198  54
 12  54  51  52  46 104  84  32  32  81 104  46  52  51  54  12
 96 173 186 213 255 234 109  34   2  71 104  46  52  51  54  12
234 204 193  82 236 236 218 139  48 130 116 185 157 135 198  54
104 129 221 172 110 110 117 127  59 182 127 185  47   0 135  51
147 120 255 241 196 224 160  97  71  82 106 185  85  47 157  52
 59 118 202 162 123 222  84  43   8 104 114 138 185 185 185  46
121 158 105 100 131 134  96 186  75 150 170 126 128 115 114 104
 73 180 198 118  94 171 133 216 156 148 155 178 226 149 172  84
212 153 209 147 172 252 222 147 117  91  86 119 143 122 193  50
184  61  99  24  35 117  91 106 158 123 142 109  42 192 132  22
113  91 102 161 108 192 119  81  86 170 185  89  87 230 156  72
104 104 107 123 115 170 109  78  86 162 168 108 106 127 116 104
 46 185 185 185 138 126 175 119 105  88 108 138 185 185 185  46
 52 157  47  85 185 111 145 191 200 202 123 185  85  47 157  52
 51 135   0  47 185 127 205 119 104 110 107 185  47   0 135  51
 54 198 135 157 185 116 181 175 165 120 104 185 157 135 198  54
 12  54  51  52  46 104  84  32  32  81 104  46  52  51  54  12
 96 173 186 213 255 234 109  34   2  71 104  46  52  51  54  12
234 204 193  82 236 236 218 139  48 130 116 185 157 135 198  54
104 129 221 172 110 110 117 127  59 182 127 185  47   0 135  51
147 120 255 241 196 224 160  97  71  82 106 185  85  47 157  52
 59 118 202 162 123 222  84  43   8 104 114 138 185 185 185  46
121 158 105 100 131 134  96 186  75 150 170 126 128 115 114 104
 73 180 198 118  94 171 133 216 156 148 155 178 226 149 172  84
212 153 209 147 172 252 222 147 117  91  86 119 143 122 193  50
184  61  99  24  35 117  91 106 158 123 142 109  42 192 132  22
113  91 102 161 108 192 119  81  86 170 185  89  87 230 156  72
104 104 107 123 115 170 109  78  86 162 168 108 106 127 116 104
 46 185 185 185 138 126 175 119 105  88 108 138 185 185 185  46
 52 157  47  85 185 111 145 191 200 202 123 185  85  47 157  52
 51 135   0  47 185 127 205 119 104 110 107 185  47   0 135  51
 54 198 135 157 185 116 181 175 165 120 104 185 157 135 198  54
 12  54  51  52  46 104  84  32  32  81 104  46  52  51  54  12

 12  54  52  52  46 105  84  50  22  73 105  46  52  52  54  12
 54 199 135 157 186 115 172 194 133 157 117 186 157 135 199  54
 52 135   0  47 186 116 150 123 192 231 127 186  47   0 135  52
 52 157  47  85 186 128 226 144  43  88 107 186  85  47 157  52
 46 186 186 186 139 127 179 120 109  90 109 139 186 186 186  46
105 117 127 107 115 171 155  87 143 185 169 109 123 108 104 104
 72 130 182  82 105 151 149  91 124 170 163  88 202 110 121  82
  2  48  60  71   8  76 156 118 158  87  87 105 200 104 165  32
 34 140 128  97  44 187 217 147 107  81  78 119 191 119 175  33
109 218 117 160  84  96 134 222  91 120 109 175 146 206 182  84
234 237 110 225 222 134 172 253 118 192 171 126 112 127 117 105
255 237 110 197 123 132  95 172  35 108 116 139 186 186 186  46
214  82 173 242 163 100 118 148  24 162 123 186  85  47 157  52
186 193 222 255 203 106 198 210  99 103 108 186  47   0 135  52
174 204 130 120 118 158 181 153  61  91 104 186 157 135 199  54
 96 235 105 147  60 122  73 212 185 113 104  46  52  52  54  12
 12  54  52  52  46 105  84  50  22  73 105  46  52  52  54  12
 54 199 135 157 186 115 172 194 133 157 117 186 157 135 199  54
 52 135   0  47 186 116 150 123 192 231 127 186  47   0 135  52
 52 157  47  85 186 128 226 144  43  88 107 186  85  47 157  52
 46 186 186 186 139 127 179 120 109  90 109 139 186 186 186  46
105 117 127 107 115 171 155  87 143 185 169 109 123 108 104 104
 72 130 182  82 105 151 149  91 124 170 163  88 202 110 121  82
  2  48  60  71   8  76 156 118 158  87  87 105 200 104 165  32
 34 140 128  97  44 187 217 147 107  81  78 119 191 119 175  33
109 218 117 160  84  96 134 222  91 120 109 175 146 206 182  84
234 237 110 225 222 134 172 253 118 192 171 126 112 127 117 105
255 237 110 197 123 132  95 172  35 108 116 139 186 186 186  46
214  82 173 242 163 100 118 148  24 162 123 186  85  47 157  52
186 193 222 255 203 106 198 210  99 103 108 186  47   0 135  52
174 204 130 120 118 158 181 153  61  91 104 186 157 135 199  54
 96 235 105 147  60 122  73 212 185 113 104  46  52  52  54  12
 12  54  52  52  46 105  84  50  22  73 105  46  52  52  54  12
 54 199 135 157 186 115 172 194 133 157 117 186 157 135 199  54
 52 135   0  47 186 116 150 123 192 231 127 186  47   0 135  52
 52 157  47  85 186 128 226 144  43  88 107 186  85  47 157  52
 46 186 186 186 139 127 179 120 109  90 109 139 186 186 186  46
105 117 127 107 115 171 155  87 143 185 169 109 123 108 104 104
 72 130 182  82 105 151 149  91 124 170 163  88 202 110 121  82
  2  48  60  71   8  76 156 118 158  87  87 105 200 104 165  32
 34 140 128  97  44 187 217 147 107  81  78 119 191 119 175  33
109 218 117 160  84  96 134 222  91 120 109 175 146 206 182  84
234 237 110 225 222 134 172 253 118 192 171 126 112 127 117 105
255 237 110 197 123 132  95 172  35 108 116 139 186 186 186  46
214  82 173 242 163 100 118 148  24 162 123 186  85  47 157  52
186 193 222 255 203 106 198 210  99 103 108 186  47   0 135  52
174 204 130 120 118 158 181 153  61  91 104 186 157 135 199  54
 96 235 105 147  60 122  73 212 185 113 104  46  52  52  54  12
