  0   0   0   0   0 255 255   0   0   0 255   0   0   0   0   0
  0 255 255 255 255 255   0   0   0 255 255 255 255 255 255   0
  0 255   0   0 255 255 255   0   0 255 255 255   0   0 255   0
  0 255   0   0 255 255   0 255 255   0 255 255   0   0 255   0
  0 255 255 255 255 255   0 255   0   0 255 255 255 255 255   0
255 255 255 255 255 255   0   0   0   0 255 255 255 255 255 255
  0   0   0 255 255   0 255   0 255 255 255   0   0 255   0 255
  0 255   0   0   0 255   0   0 255 255   0 255   0 255   0   0
255   0   0 255   0   0 255   0   0 255   0 255   0   0   0   0
255 255   0   0 255 255   0   0 255   0   0   0 255 255 255   0
255 255 255 255 255 255   0   0   0 255 255 255   0 255   0 255
  0 255 255 255 255 255 255 255   0   0   0   0   0 255 255   0
  0 255   0   0 255 255 255   0   0 255 255 255 255 255   0 255
  0 255   0   0 255 255   0 255 255 255   0 255 255 255   0   0
  0 255 255 255 255 255   0   0   0 255 255 255   0 255 255 255
  0   0   0   0   0 255   0 255 255   0   0 255   0   0   0 255
  0   0   0   0   0 255 255   0   0   0 255   0   0   0   0   0
  0 255 255 255 255 255   0   0   0 255 255 255 255 255 255   0
  0 255   0   0 255 255 255   0   0 255 255 255   0   0 255   0
  0 255   0   0 255 255   0 255 255   0 255 255   0   0 255   0
  0 255 255 255 255 255   0 255   0   0 255 255 255 255 255   0
255 255 255 255 255 255   0   0   0   0 255 255 255 255 255 255
  0   0   0 255 255   0 255   0 255 255 255   0   0 255   0 255
  0 255   0   0   0 255   0   0 255 255   0 255   0 255   0   0
255   0   0 255   0   0 255   0   0 255   0 255   0   0   0   0
255 255   0   0 255 255   0   0 255   0   0   0 255 255 255   0
255 255 255 255 255 255   0   0   0 255 255 255   0 255   0 255
  0 255 255 255 255 255 255 255   0   0   0   0   0 255 255   0
  0 255   0   0 255 255 255   0   0 255 255 255 255 255   0 255
  0 255   0   0 255 255   0 255 255 255   0 255 255 255   0   0
  0 255 255 255 255 255   0   0   0 255 255 255   0 255 255 255
  0   0   0   0   0 255   0 255 255   0   0 255   0   0   0 255
  0   0   0   0   0 255 255   0   0   0 255   0   0   0   0   0
  0 255 255 255 255 255   0   0   0 255 255 255 255 255 255   0
  0 255   0   0 255 255 255   0   0 255 255 255   0   0 255   0
  0 255   0   0 255 255   0 255 255   0 255 255   0   0 255   0
  0 255 255 255 255 255   0 255   0   0 255 255 255 255 255   0
255 255 255 255 255 255   0   0   0   0 255 255 255 255 255 255
  0   0   0 255 255   0 255   0 255 255 255   0   0 255   0 255
  0 255   0   0   0 255   0   0 255 255   0 255   0 255   0   0
255   0   0 255   0   0 255   0   0 255   0 255   0   0   0   0
255 255   0   0 255 255   0   0 255   0   0   0 255 255 255   0
255 255 255 255 255 255   0   0   0 255 255 255   0 255   0 255
  0 255 255 255 255 255 255 255   0   0   0   0   0 255 255   0
  0 255   0   0 255 255 255   0   0 255 255 255 255 255   0 255
  0 255   0   0 255 255   0 255 255 255   0 255 255 255   0   0
  0 255 255 255 255 255   0   0   0 255 255 255   0 255 255 255
  0   0   0   0   0 255   0 255 255   0   0 255   0   0   0 255

  0   0   0   0   0 255 255   0   0   0 255   0 255   0 255 255
  0 255 255 255 255 255   0   0   0 255   0 255   0   0 255   0
  0 255   0   0 255 255 255 255   0 255 255 255 255 255 255   0
  0 255   0   0 255 255   0   0   0 255   0   0 255 255   0   0
  0 255 255 255 255 255   0 255 255   0 255   0 255 255 255 255
255 255 255 255 255 255 255   0   0   0 255   0 255   0 255   0
  0 255 255   0   0   0 255 255 255   0 255   0 255 255 255   0
  0   0   0 255   0   0 255 255   0 255   0   0   0 255   0 255
  0   0   0 255 255   0   0   0   0   0   0 255   0 255   0 255
255   0 255   0   0   0 255   0 255   0   0 255 255   0   0   0
255 255 255 255 255 255   0 255   0 255 255 255 255 255 255 255
  0 255 255 255 255 255 255   0   0 255 255 255 255 255 255   0
  0 255   0   0 255 255 255   0 255   0 255 255   0   0 255   0
  0 255   0   0 255 255   0   0   0   0 255 255   0   0 255   0
  0 255 255 255 255 255   0 255   0 255 255 255 255 255 255   0
  0   0   0   0   0 255   0   0 255 255 255   0   0   0   0   0
  0   0   0   0   0 255 255   0   0   0 255   0 255   0 255 255
  0 255 255 255 255 255   0   0   0 255   0 255   0   0 255   0
  0 255   0   0 255 255 255 255   0 255 255 255 255 255 255   0
  0 255   0   0 255 255   0   0   0 255   0   0 255 255   0   0
  0 255 255 255 255 255   0 255 255   0 255   0 255 255 255 255
255 255 255 255 255 255 255   0   0   0 255   0 255   0 255   0
  0 255 255   0   0   0 255 255 255   0 255   0 255 255 255   0
  0   0   0 255   0   0 255 255   0 255   0   0   0 255   0 255
  0   0   0 255 255   0   0   0   0   0   0 255   0 255   0 255
255   0 255   0   0   0 255   0 255   0   0 255 255   0   0   0
255 255 255 255 255 255   0 255   0 255 255 255 255 255 255 255
  0 255 255 255 255 255 255   0   0 255 255 255 255 255 255   0
  0 255   0   0 255 255 255   0 255   0 255 255   0   0 255   0
  0 255   0   0 255 255   0   0   0   0 255 255   0   0 255   0
  0 255 255 255 255 255   0 255   0 255 255 255 255 255 255   0
  0   0   0   0   0 255   0   0 255 255 255   0   0   0   0   0
  0   0   0   0   0 255 255   0   0   0 255   0 255   0 255 255
  0 255 255 255 255 255   0   0   0 255   0 255   0   0 255   0
  0 255   0   0 255 255 255 255   0 255 255 255 255 255 255   0
  0 255   0   0 255 255   0   0   0 255   0   0 255 255   0   0
  0 255 255 255 255 255   0 255 255   0 255   0 255 255 255 255
255 255 255 255 255 255 255   0   0   0 255   0 255   0 255   0
  0 255 255   0   0   0 255 255 255   0 255   0 255 255 255   0
  0   0   0 255   0   0 255 255   0 255   0   0   0 255   0 255
  0   0   0 255 255   0   0   0   0   0   0 255   0 255   0 255
255   0 255   0   0   0 255   0 255   0   0 255 255   0   0   0
255 255 255 255 255 255   0 255   0 255 255 255 255 255 255 255
  0 255 255 255 255 255 255   0   0 255 255 255 255 255 255   0
  0 255   0   0 255 255 255   0 255   0 255 255   0   0 255   0
  0 255   0   0 255 255   0   0   0   0 255 255   0   0 255   0
  0 255 255 255 255 255   0 255   0 255 255 255 255 255 255   0
  0   0   0   0   0 255   0   0 255 255 255   0   0   0   0   0

207  56  46  51 190  53  85 132 125 114 104  46  52  51  54  12
157 230 160  56 150 178 168 135  76 124 114 185 157 135 198  54
 43  97 157 177 136  79 168 201 154 156 115 185  47   0 135  51
156 134 241 212 213 208 160 109 135 201 128 185  85  47 157  52
 99 179 158  19  76 163  74  72 139 199 126 138 185 185 185  46
183  33  85  50 148 241 211 186  86  69 155 126 108 112 128 130
 83 156 185 135 143 137 110 126  51  82 147 178 132 115 189 242
 28 165 104 129 169  23  94 162 108 124  98 119 189  65  57 205
 37 101 130 128 201  90 140 186  45  96 134 123 106  92 173 107
170  82 174  98 126 160 188 114  10  99 125 176 186 142 172  84
124 106 119 106 108 157 115  82  68 102 147 126 128 115 114 104
 46 185 185 185 138 107  84 104 200 123 107 138 185 185 185  46
 52 157  47  85 185 106 121 196 222 132 106 185  85  47 157  52
 51 135   0  47 185 119 166 167 126 149 119 185  47   0 135  51
 54 198 135 157 185 120 169 164  98  78 106 185 157 135 198  54
 12  54  51  52  46 109  96 103 113 170 124  46  52  51  54  12
207  56  46  51 190  53  85 132 125 114 104  46  52  51  54  12
157 230 160  56 150 178 168 135  76 124 114 185 157 135 198  54
 43  97 157 177 136  79 168 201 154 156 115 185  47   0 135  51
156 134 241 212 213 208 160 109 135 201 128 185  85  47 157  52
 99 179 158  19  76 163  74  72 139 199 126 138 185 185 185  46
183  33  85  50 148 241 211 186  86  69 155 126 108 112 128 130
 83 156 185 135 143 137 110 126  51  82 147 178 132 115 189 242
 28 165 104 129 169  23  94 162 108 124  98 119 189  65  57 205
 37 101 130 128 201  90 140 186  45  96 134 123 106  92 173 107
170  82 174  98 126 160 188 114  10  99 125 176 186 142 172  84
124 106 119 106 108 157 115  82  68 102 147 126 128 115 114 104
 46 185 185 185 138 107  84 104 200 123 107 138 185 185 185  46
 52 157  47  85 185 106 121 196 222 132 106 185  85  47 157  52
 51 135   0  47 185 119 166 167 126 149 119 185  47   0 135  51
 54 198 135 157 185 120 169 164  98  78 106 185 157 135 198  54
 12  54  51  52  46 109  96 103 113 170 124  46  52  51  54  12
207  56  46  51 190  53  85 132 125 114 104  46  52  51  54  12
157 230 160  56 150 178 168 135  76 124 114 185 157 135 198  54
 43  97 157 177 136  79 168 201 154 156 115 185  47   0 135  51
156 134 241 212 213 208 160 109 135 201 128 185  85  47 157  52
 99 179 158  19  76 163  74  72 139 199 126 138 185 185 185  46
183  33  85  50 148 241 211 186  86  69 155 126 108 112 128 130
 83 156 185 135 143 137 110 126  51  82 147 178 132 115 189 242
 28 165 104 129 169  23  94 162 108 124  98 119 189  65  57 205
 37 101 130 128 201  90 140 186  45  96 134 123 106  92 173 107
170  82 174  98 126 160 188 114  10  99 125 176 186 142 172  84
124 106 119 106 108 157 115  82  68 102 147 126 128 115 114 104
 46 185 185 185 138 107  84 104 200 123 107 138 185 185 185  46
 52 157  47  85 185 106 121 196 222 132 106 185  85  47 157  52
 51 135   0  47 185 119 166 167 126 149 119 185  47   0 135  51
 54 198 135 157 185 120 169 164  98  78 106 185 157 135 198  54
 12  54  51  52  46 109  96 103 113 170 124  46  52  51  54  12

 12  54  52  52  46 131 243 205 108  84 105  46  52  52  54  12
 54 199 135 157 186 129 190  58 174 172 115 186 157 135 199  54
 52 135   0  47 186 112 115  66  92 142 116 186  47   0 135  52
 52 157  47  85 186 109 133 189 106 186 128 186  85  47 157  52
 46 186 186 186 139 127 179 120 123 177 126 139 186 186 186  46
105 115 116 128 126 155 148  99 134 125 147 108 107 119 106 125
114 125 157 202 199  69  82 125  96 100 102 123 132 150  79 170
126  77 154 136 139  87  51 108  45  10  68 201 223 126  99 113
132 135 201 109  73 186 127 163 186 114  82 105 197 168 164 104
 86 168 168 161  75 211 111  95 141 189 115  85 122 166 169  96
 53 178  79 208 163 241 138  24  91 161 158 108 107 119 120 109
190 151 136 213  76 148 143 170 201 127 109 139 186 186 186  46
 51  56 178 212  20  51 135 129 128  98 107 186  85  47 157  52
 46 161 157 241 159  85 186 104 131 174 119 186  47   0 135  52
 56 230  98 135 179  34 157 165 101  83 106 186 157 135 199  54
207 157  44 156  99 184  84  29  37 170 125  46  52  52  54  12
 12  54  52  52  46 131 243 205 108  84 105  46  52  52  54  12
 54 199 135 157 186 129 190  58 174 172 115 186 157 135 199  54
 52 135   0  47 186 112 115  66  92 142 116 186  47   0 135  52
 52 157  47  85 186 109 133 189 106 186 128 186  85  47 157  52
 46 186 186 186 139 127 179 120 123 177 126 139 186 186 186  46
105 115 116 128 126 155 148  99 134 125 147 108 107 119 106 125
114 125 157 202 199  69  82 125  96 100 102 123 132 150  79 170
126  77 154 136 139  87  51 108  45  10  68 201 223 126  99 113
132 135 201 109  73 186 127 163 186 114  82 105 197 168 164 104
 86 168 168 161  75 211 111  95 141 189 115  85 122 166 169  96
 53 178  79 208 163 241 138  24  91 161 158 108 107 119 120 109
190 151 136 213  76 148 143 170 201 127 109 139 186 186 186  46
 51  56 178 212  20  51 135 129 128  98 107 186  85  47 157  52
 46 161 157 241 159  85 186 104 131 174 119 186  47   0 135  52
 56 230  98 135 179  34 157 165 101  83 106 186 157 135 199  54
207 157  44 156  99 184  84  29  37 170 125  46  52  52  54  12
 12  54  52  52  46 131 243 205 108  84 105  46  52  52  54  12
 54 199 135 157 186 129 190  58 174 172 115 186 157 135 199  54
 52 135   0  47 186 112 115  66  92 142 116 186  47   0 135  52
 52 157  47  85 186 109 133 189 106 186 128 186  85  47 157  52
 46 186 186 186 139 127 179 120 123 177 126 139 186 186 186  46
105 115 116 128 126 155 148  99 134 125 147 108 107 119 106 125
114 125 157 202 199  69  82 125  96 100 102 123 132 150  79 170
126  77 154 136 139  87  51 108  45  10  68 201 223 126  99 113
132 135 201 109  73 186 127 163 186 114  82 105 197 168 164 104
 86 168 168 161  75 211 111  95 141 189 115  85 122 166 169  96
 53 178  79 208 163 241 138  24  91 161 158 108 107 119 120 109
190 151 136 213  76 148 143 170 201 127 109 139 186 186 186  46
 51  56 178 212  20  51 135 129 128  98 107 186  85  47 157  52
 46 161 157 241 159  85 186 104 131 174 119 186  47   0 135  52
 56 230  98 135 179  34 157 165 101  83 106 186 157 135 199  54
207 157  44 156  99 184  84  29  37 170 125  46  52  52  54  12
